990 
1106 
1174 
1236 
1317 
1323 
1321 
1313 
1375 
1347 
1453 
834 
647 
1177 
1264 
1159 
1159 
986 
708 
1175 
1101 
953 
951 
1238 
1177 
926 
1298 
1366 
1108 
1420 
1168 
1082 
1062 
1158 
1420 
1437 
1499 
1547 
1320 
986 
1422 
1490 
1602 
1645 
1688 
1649 
1686 
1459 
1476 
1768 
1719 
1785 
1783 
1800 
1887 
1673 
1985 
2022 
2090 
1851 
2169 
1961 
2173 
2260 
2153 
2232 
2259 
2026 
2319 
2336 
2338 
2429 
2497 
2251 
2575 
2540 
2656 
2448 
2591 
2747 
2809 
2250 
2291 
2686 
2709 
2707 
2775 
2567 
2596 
2048 
2515 
2827 
2889 
2856 
2974 
3017 
3060 
2996 
3064 
3054 
2906 
3179 
3191 
3208 
2884 
3180 
3086 
2882 
3138 
3161 
3178 
2951 
3243 
3260 
3278 
3320 
3337 
2784 
3302 
3228 
3350 
3381 
3443 
3235 
3177 
3200 
3442 
3432 
3059 
3184 
3401 
3450 
3512 
3605 
3595 
3441 
3656 
3772 
3826 
3894 
3981 
4062 
3829 
3755 
4071 
4114 
4137 
3854 
4108 
4073 
4164 
3865 
4167 
3940 
4116 
4157 
4155 
4223 
4098 
4098 
3954 
4134 
4233 
3736 
4254 
4285 
4352 
4389 
4451 
4121 
3812 
4364 
4362 
4334 
4402 
4113 
4361 
3959 
4059 
4327 
4292 
4363 
4425 
4437 
4382 
4479 
4566 
4415 
4560 
4302 
4569 
4643 
4670 
4677 
4597 
4618 
4610 
4678 
4623 
4648 
4608 
4404 
4619 
4440 
4721 
4717 
4722 
4549 
4892 
4884 
4926 
4668 
4930 
4966 
4770 
5032 
5080 
5173 
5235 
5222 
5309 
5321 
4991 
5363 
5400 
5045 
5345 
5344 
5466 
5334 
5509 
5276 
5588 
5669 
5684 
5716 
5753 
5698 
5763 
5464 
5246 
5692 
5864 
5625 
5636 
5882 
5862 
6009 
6090 
5813 
6125 
5603 
5801 
5793 
5641 
5939 
6008 
5835 
6178 
6215 
6211 
6358 
6445 
6482 
6525 
6517 
6585 
6546 
6583 
6528 
6349 
6572 
6539 
6395 
6472 
6413 
6481 
6568 
6624 
6666 
6753 
6153 
6713 
6744 
6664 
6741 
6859 
6946 
6983 
7039 
7006 
6528 
7015 
6763 
7075 
7026 
7076 
7198 
7151 
7129 
7191 
7183 
7154 
7037 
7115 
7262 
7249 
7336 
6711 
7181 
6948 
7215 
7302 
7094 
7387 
7486 
7433 
7450 
7376 
7492 
7484 
7179 
7062 
7162 
7404 
7460 
7541 
7308 
7550 
7517 
7616 
7342 
7669 
7686 
7704 
7405 
7604 
7353 
7675 
7671 
7818 
7886 
7954 
7932 
7724 
7703 
7695 
7718 
7691 
7934 
7676 
7210 
7816 
7858 
7920 
7918 
7986 
8048 
8116 
8178 
8092 
8148 
8175 
8140 
8206 
8249 
8260 
7672 
8244 
8036 
8348 
8059 
8082 
8334 
8262 
8118 
8461 
8203 
8354 
8398 
8481 
8428 
8521 
8191 
8526 
8299 
8561 
8648 
8421 
8539 
8619 
8631 
8109 
8646 
8630 
8736 
8553 
8815 
8557 
8483 
8739 
8811 
8192 
8764 
8826 
8424 
8844 
8834 
8962 
8999 
8810 
9072 
9178 
9220 
8987 
9305 
9297 
9314 
9401 
9315 
9142 
9184 
9502 
8968 
9179 
9485 
9502 
9473 
9222 
9208 
9549 
9322 
9320 
9312 
9457 
9489 
9487 
9555 
9353 
9645 
9356 
9298 
9560 
9602 
9553 
9649 
9228 
9384 
9677 
9739 
9690 
9342 
9370 
9253 
9623 
9685 
9747 
9834 
9607 
9868 
9936 
9856 
9332 
9819 
9642 
9665 
9927 
9619 
9912 
9974 
9452 
9925 
9878 
9926 
9524 
9894 
9692 
9979 
9905 
9654 
9675 
9909 
10019 
9997 
10020 
9756 
9707 
10060 
10031 
10036 
9838 
9529 
10041 
10153 
9798 
9875 
9801 
10070 
9897 
10134 
10126 
10116 
10071 
10128 
10184 
10221 
10141 
9937 
10249 
10311 
10256 
10302 
10364 
10426 
10424 
10416 
10472 
9919 
10295 
10273 
10348 
10115 
10433 
10313 
10366 
10538 
10311 
10058 
10480 
10542 
10616 
10627 
10650 
10673 
10685 
10483 
10180 
10653 
10625 
10637 
10685 
10747 
10539 
10568 
10610 
10825 
10869 
10985 
10932 
10994 
11081 
11123 
10890 
11152 
10938 
10955 
11242 
10623 
11164 
11115 
11287 
11054 
11335 
11428 
11434 
11496 
11257 
11569 
11631 
11724 
11472 
11163 
11585 
11672 
11728 
11746 
11763 
11780 
11522 
11539 
11465 
11761 
11848 
11590 
11501 
11549 
11541 
11822 
11890 
11952 
11989 
11954 
12031 
12037 
12124 
12186 
11906 
12183 
12124 
12066 
11767 
12042 
12119 
11892 
11884 
11503 
12050 
12046 
12167 
11859 
12132 
11905 
12198 
11965 
12207 
11698 
11940 
11926 
12096 
11923 
11915 
12202 
11988 
12011 
12278 
12346 
12113 
12330 
12373 
12382 
12347 
11980 
12080 
12328 
12051 
12363 
11835 
12211 
11743 
11941 
11588 
12061 
12142 
12145 
12168 
11935 
11933 
12117 
12188 
12255 
12220 
12336 
12276 
12103 
12365 
12363 
12425 
12417 
12434 
11912 
12309 
12338 
12258 
12308 
12474 
12517 
11983 
12444 
12531 
12201 
12478 
12509 
12501 
12563 
12305 
12404 
12599 
12566 
12597 
12690 
12463 
12750 
12787 
12738 
12821 
12747 
12863 
12810 
12833 
12829 
12939 
12987 
13080 
13077 
13094 
13092 
13109 
13190 
13277 
13283 
12780 
13222 
13245 
12987 
13249 
13311 
13303 
13229 
13332 
13316 
12770 
12746 
12994 
12933 
13183 
12948 
13084 
13101 
13163 
13206 
12998 
13260 
13221 
12969 
12992 
13260 
12955 
12976 
13018 
13342 
13348 
13410 
13171 
13388 
13405 
13147 
13390 
13427 
13169 
13462 
13473 
13321 
13196 
13464 
13526 
13588 
13386 
13679 
13669 
13701 
13743 
13758 
13585 
13872 
13864 
13951 
13668 
13936 
13659 
13676 
13693 
13396 
13883 
13976 
14050 
14118 
14180 
13972 
13892 
14161 
13988 
13974 
14311 
14367 
13895 
14317 
14398 
14324 
14440 
14374 
14164 
14476 
14569 
14656 
14576 
14653 
14715 
14711 
14237 
14755 
14842 
14910 
14978 
14582 
14886 
15008 
15076 
15068 
15104 
15141 
15215 
15038 
15356 
15148 
15369 
15396 
15349 
15339 
15063 
15404 
15324 
15421 
15113 
15319 
15356 
15368 
15110 
15422 
15459 
15496 
15106 
15365 
15101 
15442 
15479 
15547 
15570 
15017 
15484 
15507 
15575 
15317 
15610 
15305 
15535 
15657 
15750 
15517 
15515 
15752 
15544 
15786 
15817 
15904 
15326 
15869 
15611 
15801 
15948 
15895 
15913 
15655 
15897 
15614 
15826 
15793 
15855 
15826 
15909 
15946 
15975 
16048 
15796 
15666 
15718 
15943 
16036 
15978 
16001 
16063 
16080 
16142 
16185 
16150 
15843 
16164 
16162 
15904 
15576 
16074 
16064 
15910 
16177 
16219 
16216 
16066 
15648 
15890 
16221 
15963 
16180 
15850 
15902 
16078 
16169 
16141 
16139 
15642 
15768 
16089 
16151 
16137 
16149 
16236 
16162 
16090 
16235 
16176 
16244 
16042 
16304 
16366 
16352 
16069 
16387 
16410 
16478 
16565 
16344 
16355 
16102 
16633 
16670 
16707 
16724 
16791 
16808 
16544 
16812 
16635 
16786 
16908 
16848 
16430 
16909 
16971 
16763 
16984 
16547 
16969 
17000 
16966 
16958 
16970 
17007 
17044 
16246 
16878 
16994 
17081 
17054 
17116 
17139 
16862 
16860 
17003 
17031 
16780 
17171 
17295 
17357 
16810 
17308 
17075 
17245 
17047 
17258 
17351 
17388 
17186 
17479 
17490 
17527 
17548 
17689 
17676 
17623 
17114 
17362 
17598 
17641 
17709 
17137 
17585 
17634 
17727 
17500 
17768 
17774 
17721 
17666 
17691 
17446 
17696 
17818 
17447 
17842 
17873 
17966 
17989 
